2,-9,8
2,-8,8
2,-7,8
2,-6,8
2,-5,10
2,-4,10
2,-3,8
2,-2,8
2,-1,8
4,-9,8
4,-8,8
4,-7,8
4,-6,8
4,-5,10
4,-4,10
4,-3,8
4,-2,8
4,-1,8
5,-9,8
5,-8,25
5,-7,25
5,-6,8
5,-5,10
5,-4,10
5,-3,8
5,-2,8
5,-1,8
7,-9,8
7,-8,8
7,-7,8
7,-6,8
7,-5,10
7,-4,10
7,-3,8
7,-2,8
7,-1,8
8,-9,6
8,-8,7
8,-7,8
8,-6,8
8,-5,10
8,-4,10
8,-3,8
8,-2,8
8,-1,8
10,-9,8
10,-8,8
10,-7,8
10,-6,8
10,-5,10
10,-4,3
10,-3,8
10,-2,8
10,-1,8
11,-9,8
11,-8,8
11,-7,8
11,-6,10
11,-5,10
11,-4,2
11,-3,8
11,-2,8
11,-1,8
12,-9,8
12,-8,8
12,-7,8
12,-6,8
12,-5,10
12,-4,10
12,-3,8
12,-2,61
12,-1,8
13,-9,8
13,-8,8
13,-7,8
13,-6,8
13,-5,10
13,-4,10
13,-3,8
13,-2,8
13,-1,8
14,-9,8
14,-8,8
14,-7,8
14,-6,8
14,-5,10
14,-4,10
14,-3,8
14,-2,8
14,-1,61
15,-9,8
15,-8,8
15,-7,8
15,-6,8
15,-5,2
15,-4,10
15,-3,10
15,-2,61
15,-1,8
17,-9,10
17,-8,8
17,-7,8
17,-6,8
17,-5,3
17,-4,10
17,-3,31
17,-2,31
17,-1,31
18,-9,8
18,-8,8
18,-7,8
18,-6,8
18,-5,10
18,-4,10
18,-3,61
18,-2,8
18,-1,61
19,-9,31
19,-8,31
19,-7,31
19,-6,31
19,-5,10
19,-4,10
19,-3,8
19,-2,8
19,-1,8
20,-9,8
20,-8,8
20,-7,8
20,-6,8
20,-5,10
20,-4,10
20,-3,8
20,-2,8
20,-1,8
22,-9,8
22,-8,8
22,-7,10
22,-6,10
22,-5,10
22,-4,10
22,-3,61
22,-2,8
22,-1,6
24,-9,8
24,-8,8
24,-7,8
24,-6,8
24,-5,10
24,-4,10
24,-3,8
24,-2,8
24,-1,8
26,-9,9
26,-8,9
26,-7,4
26,-6,7
26,-5,10
26,-4,10
26,-3,8
26,-2,4
26,-1,7
27,-9,8
27,-8,8
27,-7,8
27,-6,8
27,-5,10
27,-4,10
27,-3,8
27,-2,8
27,-1,4
28,-9,8
28,-8,8
28,-7,8
28,-6,8
28,-5,5
28,-4,7
28,-3,8
28,-2,8
28,-1,8
29,-9,8
29,-8,8
29,-7,8
29,-6,61
29,-5,10
29,-4,10
29,-3,10
29,-2,10
29,-1,8
30,-9,8
30,-8,8
30,-7,8
30,-6,4
30,-5,7
30,-4,10
30,-3,8
30,-2,8
30,-1,8
32,-9,8
32,-8,8
32,-7,8
32,-6,8
32,-5,25
32,-4,10
32,-3,8
32,-2,8
32,-1,8
33,-9,8
33,-8,10
33,-7,10
33,-6,10
33,-5,10
33,-4,10
33,-3,8
33,-2,61
33,-1,8
34,-9,10
34,-8,61
34,-7,8
34,-6,8
34,-5,10
34,-4,10
34,-3,8
34,-2,8
34,-1,8
35,-9,8
35,-8,8
35,-7,8
35,-6,8
35,-5,10
35,-4,6
35,-3,7
35,-2,61
35,-1,61
36,-9,8
36,-8,8
36,-7,8
36,-6,8
36,-5,10
36,-4,10
36,-3,8
36,-2,8
36,-1,8
37,-9,8
37,-8,8
37,-7,8
37,-6,8
37,-5,10
37,-4,10
37,-3,4
37,-2,7
37,-1,8
38,-9,61
38,-8,8
38,-7,8
38,-6,8
38,-5,10
38,-4,10
38,-3,8
38,-2,61
38,-1,10
39,-9,8
39,-8,8
39,-7,8
39,-6,8
39,-5,1
39,-4,10
39,-3,61
39,-2,8
39,-1,8
40,-9,8
40,-8,8
40,-7,8
40,-6,8
40,-5,10
40,-4,10
40,-3,8
40,-2,8
40,-1,8
41,-9,8
41,-8,8
41,-7,8
41,-6,8
41,-5,25
41,-4,10
41,-3,8
41,-2,8
41,-1,8
42,-9,8
42,-8,8
42,-7,8
42,-6,8
42,-5,10
42,-4,10
42,-3,8
42,-2,8
42,-1,8
43,-9,8
43,-8,8
43,-7,8
43,-6,8
43,-5,25
43,-4,10
43,-3,8
43,-2,8
43,-1,8
44,-9,10
44,-8,10
44,-7,8
44,-6,8
44,-5,4
44,-4,7
44,-3,8
44,-2,8
44,-1,8
45,-9,8
45,-8,4
45,-7,7
45,-6,8
45,-5,10
45,-4,10
45,-3,8
45,-2,8
45,-1,8
46,-9,8
46,-8,8
46,-7,8
46,-6,8
46,-5,10
46,-4,10
46,-3,8
46,-2,8
46,-1,8
47,-9,31
47,-8,31
47,-7,31
47,-6,31
47,-5,3
47,-4,10
47,-3,8
47,-2,8
47,-1,8
49,-9,8
49,-8,8
49,-7,10
49,-6,8
49,-5,10
49,-4,10
49,-3,8
49,-2,8
49,-1,8
50,-9,8
50,-8,8
50,-7,8
50,-6,8
50,-5,10
50,-4,4
50,-3,7
50,-2,8
50,-1,8
53,-9,5
53,-8,7
53,-7,8
53,-6,8
53,-5,10
53,-4,10
53,-3,8
53,-2,8
53,-1,8
54,-9,60
54,-8,60
54,-7,60
54,-6,60
54,-5,60
54,-4,60
54,-3,60
54,-2,60
54,-1,60
56,-9,8
56,-8,8
56,-7,8
56,-6,8
56,-5,10
56,-4,10
56,-3,8
56,-2,8
56,-1,8
58,-9,4
58,-8,7
58,-7,8
58,-6,8
58,-5,10
58,-4,10
58,-3,8
58,-2,8
58,-1,8
60,-9,10
60,-8,8
60,-7,8
60,-6,8
60,-5,10
60,-4,10
60,-3,8
60,-2,8
60,-1,8
62,-9,8
62,-8,8
62,-7,61
62,-6,8
62,-5,25
62,-4,10
62,-3,8
62,-2,8
62,-1,8
64,-9,8
64,-8,8
64,-7,8
64,-6,8
64,-5,10
64,-4,10
64,-3,8
64,-2,8
64,-1,8
65,-9,7
65,-8,8
65,-7,10
65,-6,10
65,-5,10
65,-4,10
65,-3,8
65,-2,8
65,-1,8
66,-9,8
66,-8,8
66,-7,8
66,-6,8
66,-5,10
66,-4,10
66,-3,10
66,-2,8
66,-1,8
67,-9,8
67,-8,8
67,-7,61
67,-6,8
67,-5,10
67,-4,10
67,-3,8
67,-2,8
67,-1,8
68,-9,61
68,-8,8
68,-7,8
68,-6,8
68,-5,10
68,-4,10
68,-3,8
68,-2,8
68,-1,8
72,-9,8
72,-8,6
72,-7,7
72,-6,8
72,-5,10
72,-4,10
72,-3,8
72,-2,8
72,-1,61
73,-9,8
73,-8,61
73,-7,61
73,-6,61
73,-5,10
73,-4,10
73,-3,10
73,-2,8
73,-1,8
74,-9,8
74,-8,8
74,-7,8
74,-6,5
74,-5,7
74,-4,10
74,-3,10
74,-2,10
74,-1,31
75,-9,8
75,-8,8
75,-7,8
75,-6,8
75,-5,10
75,-4,5
75,-3,7
75,-2,8
75,-1,8
76,-9,8
76,-8,10
76,-7,6
76,-6,7
76,-5,10
76,-4,10
76,-3,8
76,-2,8
76,-1,8
77,-9,8
77,-8,8
77,-7,8
77,-6,8
77,-5,10
77,-4,0
77,-3,8
77,-2,8
77,-1,61
78,-9,7
78,-8,8
78,-7,8
78,-6,8
78,-5,10
78,-4,10
78,-3,8
78,-2,8
78,-1,8
79,-9,8
79,-8,8
79,-7,8
79,-6,8
79,-5,10
79,-4,10
79,-3,8
79,-2,8
79,-1,8
81,-9,7
81,-8,8
81,-7,8
81,-6,8
81,-5,10
81,-4,10
81,-3,8
81,-2,8
81,-1,8
82,-9,8
82,-8,8
82,-7,8
82,-6,8
82,-5,10
82,-4,10
82,-3,5
82,-2,7
82,-1,61
84,-9,8
84,-8,8
84,-7,8
84,-6,8
84,-5,10
84,-4,10
84,-3,8
84,-2,6
84,-1,7
85,-9,8
85,-8,8
85,-7,5
85,-6,7
85,-5,10
85,-4,10
85,-3,8
85,-2,8
85,-1,8
87,-9,8
87,-8,8
87,-7,10
87,-6,10
87,-5,10
87,-4,10
87,-3,6
87,-2,7
87,-1,8
89,-9,8
89,-8,8
89,-7,8
89,-6,10
89,-5,10
89,-4,10
89,-3,10
89,-2,8
89,-1,5
90,-9,8
90,-8,61
90,-7,8
90,-6,8
90,-5,25
90,-4,1
90,-3,8
90,-2,8
90,-1,8
91,-9,8
91,-8,8
91,-7,8
91,-6,6
91,-5,7
91,-4,10
91,-3,8
91,-2,8
91,-1,8
92,-9,10
92,-8,8
92,-7,8
92,-6,8
92,-5,10
92,-4,10
92,-3,8
92,-2,8
92,-1,8
93,-9,10
93,-8,10
93,-7,8
93,-6,8
93,-5,6
93,-4,7
93,-3,31
93,-2,31
93,-1,61
94,-9,8
94,-8,5
94,-7,7
94,-6,8
94,-5,10
94,-4,10
94,-3,8
94,-2,5
94,-1,7
95,-9,8
95,-8,8
95,-7,8
95,-6,8
95,-5,10
95,-4,3
95,-3,8
95,-2,8
95,-1,8
96,-9,8
96,-8,8
96,-7,8
96,-6,8
96,-5,0
96,-4,10
96,-3,8
96,-2,8
96,-1,8
97,-9,8
97,-8,8
97,-7,8
97,-6,8
97,-5,10
97,-4,10
97,-3,8
97,-2,8
97,-1,61
98,-9,8
98,-8,10
98,-7,10
98,-6,61
98,-5,10
98,-4,10
98,-3,8
98,-2,8
98,-1,8
